0.347656
0.308594
0.382813
0.378906
0.488281
0.320313
0.332031
0.316406
0.535156
0.441406
0.414063
0.492188
0.398438
0.281250
0.222656
0.339844
0.269531
0.351563
0.382813
0.382813
0.316406
0.371094
0.402344
0.406250
0.386719
0.304688
0.371094
0.347656
0.531250
0.355469
0.398438
0.355469
0.277344
0.347656
0.609375
0.390625
0.402344
0.386719
0.375000
0.386719
0.390625
0.445313
0.261719
0.371094
0.441406
0.339844
0.402344
0.292969
0.425781
0.500000
0.480469
0.410156
0.375000
0.335938
0.238281
0.402344
0.312500
0.285156
0.382813
0.511719
0.488281
0.343750
0.312500
0.312500
0.292969
0.457031
0.414063
0.324219
0.335938
0.453125
0.414063
0.402344
0.417969
0.261719
0.511719
0.304688
0.406250
0.425781
0.312500
0.425781
0.339844
0.328125
0.367188
0.421875
0.386719
0.398438
0.375000
0.460938
0.492188
0.433594
0.355469
0.281250
0.304688
0.414063
0.406250
0.480469
0.398438
0.300781
0.300781
0.335938
0.304688
0.390625
0.328125
0.511719
0.300781
0.246094
0.378906
0.390625
0.324219
0.339844
0.472656
0.566406
0.257813
0.351563
0.332031
0.339844
0.441406
0.316406
0.328125
0.406250
0.359375
0.386719
0.300781
0.343750
0.402344
0.640625
0.570313
0.441406
0.613281
0.605469
0.578125
0.546875
0.726563
0.585938
0.730469
0.769531
0.597656
0.703125
0.703125
0.578125
0.734375
0.683594
0.667969
0.718750
0.636719
0.589844
0.734375
0.769531
0.574219
0.656250
0.597656
0.566406
0.718750
0.617188
0.515625
0.507813
0.781250
0.644531
0.644531
0.777344
0.640625
0.535156
0.542969
0.648438
0.625000
0.496094
0.613281
0.527344
0.628906
0.582031
0.609375
0.535156
0.570313
0.527344
0.660156
0.617188
0.652344
0.656250
0.710938
0.734375
0.621094
0.582031
0.648438
0.593750
0.625000
0.433594
0.511719
0.539063
0.535156
0.710938
0.613281
0.628906
0.585938
0.507813
0.609375
0.457031
0.500000
0.625000
0.535156
0.519531
0.484375
0.644531
0.667969
0.675781
0.554688
0.617188
0.429688
0.539063
0.707031
0.476563
0.562500
0.523438
0.492188
0.593750
0.582031
0.367188
0.648438
0.519531
0.511719
0.652344
0.632813
0.710938
0.519531
0.632813
0.507813
0.664063
0.585938
0.593750
0.453125
0.703125
0.652344
0.796875
0.503906
0.570313
0.601563
0.730469
0.671875
0.835938
0.625000
0.429688
0.632813
0.640625
0.695313
0.617188
0.472656
0.496094
0.714844
0.667969
0.726563
0.433594
