0.000000
0.262939
0.264893
0.270752
0.279785
0.270020
0.280762
0.312500
0.288574
0.357910
0.348389
0.391113
0.359375
0.390869
0.346436
0.417236
0.366699
0.419922
0.407715
0.386475
0.403320
0.418213
0.481689
0.458008
0.456299
0.564697
0.516846
0.467285
0.534912
0.509766
0.623535
0.537598
0.631836
0.596191
0.586914
0.641113
0.583252
0.601563
0.628418
0.583984
0.610107
0.590820
0.593750
0.608887
0.638184
0.638428
0.614990
0.608398
0.640625
0.666260
0.666504
0.264893
0.020020
0.022949
0.029053
0.035156
0.031738
0.036133
0.048584
0.055420
0.066895
0.063477
0.079590
0.074951
0.099365
0.088135
0.100586
0.131348
0.128174
0.121582
0.143311
0.142578
0.143066
0.163818
0.181396
0.209961
0.196777
0.179199
0.219727
0.286621
0.319580
0.313477
0.403076
0.315186
0.362305
0.436035
0.453613
0.381592
0.415283
0.422607
0.491211
0.448242
0.499512
0.591797
0.501953
0.565186
0.606201
0.593262
0.591309
0.656494
0.664551
0.270752
0.024902
0.022949
0.033936
0.039307
0.036621
0.041992
0.053467
0.061768
0.072998
0.077393
0.080811
0.087646
0.120117
0.093994
0.101563
0.138428
0.142578
0.135742
0.147949
0.152344
0.144043
0.166992
0.207031
0.218018
0.202393
0.191895
0.226807
0.292236
0.328857
0.324707
0.420410
0.332520
0.367676
0.450684
0.465820
0.381592
0.426025
0.424561
0.492188
0.448242
0.499512
0.590332
0.501953
0.573730
0.606201
0.592285
0.591309
0.656494
0.664551
0.279785
0.031006
0.033936
0.029053
0.045166
0.043701
0.045166
0.058838
0.068848
0.083008
0.075684
0.090088
0.086670
0.108887
0.099121
0.124268
0.141357
0.134766
0.138184
0.158447
0.170166
0.173096
0.177246
0.195068
0.221924
0.212158
0.213623
0.233643
0.303467
0.331055
0.356934
0.406738
0.329834
0.373535
0.446777
0.467529
0.395996
0.451416
0.410400
0.495605
0.452148
0.511963
0.552490
0.500977
0.584717
0.622314
0.593262
0.583496
0.662354
0.664551
0.270020
0.037109
0.039307
0.045166
0.035156
0.051514
0.058105
0.064453
0.070557
0.091553
0.080566
0.089844
0.088867
0.118652
0.104980
0.134033
0.160889
0.153076
0.152100
0.182129
0.172119
0.155518
0.176514
0.192139
0.242432
0.237793
0.192139
0.250732
0.310547
0.352295
0.326660
0.419189
0.338379
0.389404
0.449951
0.465576
0.390137
0.455078
0.463379
0.498779
0.451660
0.461914
0.609619
0.527832
0.565186
0.600342
0.598633
0.593750
0.661865
0.664551
0.280762
0.033691
0.036621
0.043701
0.051514
0.031738
0.049072
0.061768
0.072021
0.085938
0.082031
0.102051
0.095459
0.129639
0.104980
0.131348
0.148193
0.148926
0.145508
0.161865
0.157715
0.164551
0.185303
0.237793
0.243896
0.238770
0.225830
0.229980
0.299561
0.352051
0.349365
0.426270
0.385742
0.397705
0.439941
0.476807
0.426514
0.425781
0.461426
0.512939
0.454346
0.502441
0.601318
0.502686
0.572510
0.606201
0.592285
0.596680
0.666260
0.664551
0.312500
0.038086
0.041992
0.045166
0.058105
0.049072
0.036133
0.074463
0.086914
0.090332
0.092041
0.104736
0.103271
0.128174
0.110840
0.125244
0.151611
0.159424
0.166504
0.177734
0.176025
0.193848
0.176514
0.210693
0.221680
0.257813
0.209473
0.240967
0.334717
0.352051
0.386475
0.427979
0.342041
0.413574
0.455811
0.469482
0.411133
0.422119
0.439209
0.499023
0.506104
0.548340
0.596191
0.508057
0.566650
0.619141
0.599365
0.583496
0.658447
0.664551
0.288574
0.052002
0.053467
0.058838
0.064453
0.061768
0.074463
0.048584
0.090576
0.094482
0.103516
0.112793
0.117188
0.132080
0.123535
0.148193
0.183838
0.172363
0.178223
0.164307
0.190430
0.183105
0.183105
0.205078
0.261230
0.232178
0.227295
0.273438
0.326904
0.373779
0.344238
0.445801
0.356934
0.396240
0.487305
0.468506
0.407959
0.442627
0.453857
0.521973
0.441406
0.513428
0.590576
0.565186
0.576660
0.617188
0.600830
0.614014
0.676025
0.661377
0.357910
0.057373
0.061768
0.068848
0.070557
0.072021
0.086914
0.090576
0.055420
0.109619
0.107422
0.125488
0.117432
0.142090
0.135498
0.154053
0.196045
0.195801
0.198486
0.199707
0.207764
0.182861
0.248779
0.258789
0.264893
0.311035
0.218994
0.323242
0.340332
0.397461
0.371826
0.485596
0.372803
0.411377
0.488281
0.502441
0.403564
0.500244
0.513672
0.542725
0.546631
0.506836
0.595703
0.556152
0.623535
0.628662
0.625732
0.593994
0.682373
0.675537
0.348389
0.068848
0.072998
0.083008
0.091553
0.085938
0.090332
0.094482
0.109619
0.066895
0.110840
0.128906
0.127197
0.138672
0.126953
0.166748
0.238281
0.184814
0.176025
0.197998
0.178467
0.227539
0.230713
0.308350
0.293457
0.295898
0.246338
0.333984
0.352295
0.394043
0.399170
0.408691
0.360107
0.433594
0.479980
0.528564
0.426270
0.476563
0.485596
0.623779
0.492920
0.520508
0.656494
0.529541
0.600586
0.630371
0.580078
0.610840
0.689697
0.664551
0.391113
0.063477
0.077393
0.075684
0.080566
0.082031
0.092041
0.103516
0.107422
0.110840
0.063477
0.116943
0.147217
0.197021
0.137451
0.175781
0.219971
0.211670
0.134033
0.214844
0.230225
0.197021
0.244141
0.244385
0.297363
0.285156
0.255371
0.289307
0.358887
0.396729
0.375732
0.456299
0.416016
0.446533
0.511230
0.488281
0.452393
0.477295
0.468018
0.545654
0.513184
0.556152
0.630371
0.553955
0.596924
0.614014
0.598633
0.596924
0.697021
0.664551
0.361328
0.081543
0.080811
0.090088
0.089844
0.102051
0.104736
0.112793
0.125488
0.128906
0.116943
0.079590
0.150635
0.167480
0.176025
0.170166
0.220947
0.247559
0.197266
0.198486
0.263428
0.226074
0.275391
0.286377
0.303467
0.327148
0.267822
0.319336
0.348633
0.402588
0.414795
0.436523
0.358887
0.472900
0.508057
0.511475
0.458496
0.504883
0.476074
0.549316
0.519287
0.503662
0.616455
0.593994
0.592041
0.629639
0.596436
0.635254
0.677246
0.675537
0.390869
0.074951
0.087646
0.086670
0.088867
0.095459
0.103271
0.117188
0.117432
0.127197
0.147217
0.150635
0.074951
0.164063
0.178223
0.178955
0.238037
0.197266
0.203857
0.234131
0.261475
0.279297
0.266846
0.270020
0.330322
0.338379
0.301270
0.287842
0.382080
0.417725
0.414795
0.475830
0.372559
0.423340
0.567871
0.505859
0.481934
0.470215
0.533447
0.559326
0.530762
0.521240
0.631104
0.569580
0.595459
0.655762
0.644287
0.648926
0.691162
0.664551
0.348389
0.101318
0.120117
0.108887
0.118652
0.129639
0.128174
0.132080
0.142090
0.138672
0.197021
0.167480
0.164063
0.099365
0.197266
0.208496
0.289795
0.224121
0.222412
0.229736
0.235840
0.249756
0.277100
0.268311
0.303223
0.353516
0.269531
0.326172
0.463623
0.453613
0.451416
0.458740
0.393799
0.497070
0.506592
0.499756
0.493896
0.495117
0.558105
0.522705
0.547852
0.525635
0.608398
0.559326
0.599365
0.601318
0.571777
0.642334
0.671143
0.664551
0.417236
0.090088
0.093994
0.099121
0.104980
0.104980
0.110840
0.123535
0.135498
0.126953
0.137451
0.176025
0.178223
0.197266
0.088135
0.201904
0.264893
0.250000
0.226318
0.226807
0.258545
0.246582
0.352051
0.304199
0.302246
0.362549
0.255615
0.324463
0.436035
0.445557
0.407959
0.451904
0.434814
0.485352
0.540527
0.524414
0.418457
0.525391
0.496338
0.613525
0.515381
0.556885
0.610596
0.575684
0.601563
0.612793
0.604248
0.652344
0.677979
0.675537
0.366699
0.100586
0.101563
0.124268
0.134033
0.131348
0.125244
0.148193
0.154053
0.166748
0.175781
0.170166
0.178955
0.208496
0.201904
0.100586
0.267334
0.266357
0.258301
0.233398
0.229004
0.293457
0.343262
0.301758
0.347656
0.434082
0.297363
0.387695
0.410645
0.427734
0.450439
0.462891
0.437500
0.473145
0.506348
0.487305
0.507324
0.532959
0.565186
0.536865
0.544678
0.600342
0.661133
0.567139
0.584961
0.626221
0.599365
0.618408
0.684814
0.675537
0.421875
0.133301
0.138428
0.141357
0.160889
0.148193
0.151611
0.183838
0.196045
0.238281
0.219971
0.220947
0.238037
0.289795
0.264893
0.267334
0.131348
0.278809
0.308350
0.302002
0.281006
0.316650
0.291016
0.400146
0.372070
0.442627
0.335938
0.427734
0.476318
0.477539
0.493652
0.508301
0.462402
0.466797
0.595947
0.552490
0.552490
0.538574
0.474854
0.598389
0.541016
0.544189
0.584961
0.582275
0.572998
0.659912
0.624756
0.669922
0.698486
0.672363
0.407715
0.130127
0.142578
0.134766
0.153076
0.148926
0.159424
0.172363
0.195801
0.184814
0.211670
0.247559
0.197266
0.224121
0.250000
0.266357
0.278809
0.128174
0.323486
0.296875
0.296875
0.281006
0.335205
0.353271
0.326416
0.357178
0.337646
0.408447
0.422607
0.456299
0.421631
0.435059
0.450684
0.493408
0.548584
0.491699
0.483398
0.595215
0.576172
0.610107
0.493652
0.592529
0.643555
0.593994
0.637939
0.621582
0.605957
0.679932
0.682129
0.658691
0.386475
0.121582
0.135742
0.138184
0.152100
0.145508
0.166504
0.178223
0.198486
0.176025
0.134033
0.197266
0.203857
0.222412
0.226318
0.258301
0.308350
0.323486
0.121582
0.281982
0.284912
0.284180
0.314209
0.329102
0.440674
0.379639
0.395752
0.376709
0.395996
0.393066
0.421143
0.497070
0.479980
0.456055
0.502686
0.490967
0.529785
0.503662
0.532959
0.537842
0.502686
0.536865
0.606934
0.562012
0.644775
0.655762
0.616455
0.608643
0.641357
0.669678
0.405273
0.143311
0.147949
0.158447
0.182129
0.161865
0.177734
0.164307
0.199707
0.197998
0.214844
0.198486
0.234131
0.229736
0.226807
0.233398
0.302002
0.296875
0.281982
0.143311
0.316162
0.305176
0.289307
0.360107
0.431152
0.380127
0.365723
0.438721
0.446777
0.465088
0.456543
0.500488
0.457520
0.499268
0.558350
0.516846
0.438232
0.580811
0.587891
0.609863
0.545898
0.528076
0.571777
0.571045
0.672607
0.658203
0.649170
0.612305
0.653076
0.664551
0.420166
0.145508
0.152344
0.170166
0.172119
0.157715
0.176025
0.190430
0.207764
0.178467
0.230225
0.263428
0.261475
0.235840
0.258545
0.229004
0.281006
0.296875
0.284912
0.316162
0.142578
0.286865
0.414063
0.461670
0.441162
0.420166
0.324951
0.494385
0.417725
0.475830
0.517090
0.476318
0.452393
0.484131
0.545166
0.523682
0.528809
0.513184
0.520996
0.684814
0.570068
0.533447
0.644043
0.622070
0.599854
0.631104
0.636475
0.643311
0.691650
0.669678
0.481689
0.143066
0.144043
0.173096
0.155518
0.164551
0.193848
0.183105
0.182861
0.227539
0.197021
0.226074
0.279297
0.249756
0.246582
0.293457
0.316650
0.281006
0.284180
0.305176
0.286865
0.143066
0.339355
0.385986
0.409912
0.354248
0.317871
0.379639
0.476318
0.521240
0.441406
0.521240
0.463623
0.528809
0.523682
0.526611
0.517090
0.512451
0.610840
0.582275
0.604248
0.553955
0.636230
0.568359
0.629639
0.598145
0.608643
0.629150
0.663330
0.655518
0.459961
0.163818
0.166992
0.177246
0.176514
0.185303
0.176514
0.183105
0.248779
0.230713
0.244141
0.275391
0.266846
0.277100
0.352051
0.343262
0.291016
0.335205
0.314209
0.289307
0.414063
0.349609
0.163818
0.332764
0.344971
0.403320
0.432129
0.435303
0.516357
0.452881
0.540039
0.572021
0.520996
0.535889
0.540527
0.581055
0.522461
0.570557
0.519287
0.598145
0.596924
0.561768
0.660645
0.621338
0.639893
0.622559
0.600098
0.625732
0.705078
0.664551
0.458252
0.185303
0.207031
0.195068
0.192139
0.237793
0.210693
0.205078
0.258789
0.308350
0.244385
0.286377
0.270020
0.268311
0.304199
0.301758
0.400146
0.353271
0.329102
0.360107
0.455322
0.385986
0.332764
0.181396
0.421631
0.431641
0.434814
0.435059
0.532959
0.557373
0.465332
0.549072
0.468262
0.531982
0.674561
0.591309
0.574951
0.516357
0.610840
0.614746
0.552246
0.637451
0.634033
0.586426
0.616943
0.633545
0.635010
0.616211
0.687256
0.664551
0.564697
0.214355
0.218018
0.221924
0.242432
0.243896
0.221680
0.261230
0.264893
0.293457
0.297363
0.303467
0.330322
0.307617
0.302246
0.347656
0.372070
0.326416
0.440674
0.431152
0.441162
0.416260
0.344971
0.421631
0.209961
0.420166
0.391846
0.469482
0.472656
0.508545
0.456543
0.516113
0.468262
0.553955
0.534180
0.532959
0.526123
0.558350
0.582764
0.625000
0.556885
0.607666
0.630859
0.600830
0.606445
0.594482
0.614502
0.632324
0.690186
0.664551
0.516846
0.200684
0.202393
0.212158
0.237793
0.238770
0.257813
0.232178
0.311035
0.295898
0.285156
0.327148
0.330078
0.353516
0.362549
0.434082
0.444092
0.357178
0.379639
0.380127
0.411865
0.354248
0.403320
0.431641
0.420166
0.196777
0.495850
0.494141
0.443359
0.515381
0.487549
0.596924
0.529785
0.594727
0.652344
0.554932
0.553467
0.550293
0.621826
0.630371
0.577393
0.549072
0.697754
0.623047
0.655762
0.652832
0.613281
0.682373
0.700684
0.658691
0.467285
0.179199
0.191895
0.213623
0.192139
0.225830
0.209473
0.227295
0.218994
0.246338
0.255371
0.267822
0.301270
0.269531
0.255615
0.295898
0.335938
0.337646
0.395752
0.365723
0.324951
0.317871
0.432129
0.434814
0.393799
0.495850
0.180664
0.486816
0.491211
0.482666
0.521240
0.629883
0.539795
0.543457
0.534912
0.512207
0.493652
0.554199
0.528809
0.535156
0.571777
0.574707
0.590332
0.601074
0.623291
0.656982
0.600342
0.645996
0.645508
0.672363
0.536865
0.223633
0.226807
0.233643
0.250732
0.229980
0.240967
0.273438
0.323242
0.333984
0.289307
0.319336
0.287842
0.330078
0.324463
0.387695
0.427734
0.408447
0.376709
0.438721
0.494385
0.379639
0.435303
0.433105
0.469482
0.492676
0.486816
0.223633
0.483154
0.510986
0.449463
0.608398
0.492432
0.565918
0.578125
0.608154
0.557129
0.607178
0.596191
0.624756
0.601563
0.553711
0.681641
0.623535
0.663574
0.625488
0.661621
0.667236
0.639648
0.666504
0.509766
0.289551
0.292236
0.303467
0.310547
0.299561
0.334717
0.326904
0.340332
0.352295
0.358887
0.348633
0.375732
0.463623
0.438965
0.410645
0.476318
0.425049
0.402344
0.446777
0.417725
0.476318
0.516357
0.532959
0.477051
0.443359
0.489258
0.483154
0.289551
0.488281
0.508301
0.517822
0.530273
0.546143
0.638916
0.586914
0.622803
0.575439
0.621826
0.685791
0.559814
0.565430
0.681396
0.640137
0.623535
0.618652
0.610840
0.641113
0.686279
0.661377
0.623535
0.327881
0.328857
0.331055
0.352295
0.352051
0.352051
0.373779
0.398926
0.395508
0.396729
0.402588
0.426025
0.460449
0.447021
0.427734
0.470703
0.449463
0.393066
0.465088
0.484131
0.522705
0.461182
0.549072
0.508545
0.523682
0.482666
0.502686
0.496582
0.327881
0.550537
0.581299
0.535400
0.588867
0.573242
0.591797
0.591553
0.602539
0.651611
0.641357
0.575684
0.571777
0.600586
0.615723
0.631836
0.656982
0.646729
0.658447
0.660889
0.666504
0.537598
0.315430
0.329590
0.361816
0.331543
0.354248
0.391357
0.347656
0.375244
0.404053
0.380615
0.414795
0.417725
0.454834
0.412842
0.453857
0.493652
0.421631
0.426025
0.457031
0.517090
0.446289
0.541504
0.465332
0.461426
0.487549
0.522705
0.447510
0.508301
0.558838
0.314941
0.550781
0.488770
0.573730
0.531250
0.529053
0.576172
0.565674
0.589600
0.635986
0.559570
0.578613
0.585938
0.627441
0.651123
0.665527
0.658936
0.642578
0.660645
0.658691
0.631836
0.393311
0.420410
0.406738
0.419189
0.426270
0.427979
0.445801
0.485596
0.408691
0.466064
0.426514
0.475830
0.458740
0.451904
0.467773
0.510254
0.426758
0.501465
0.500977
0.471924
0.531738
0.573975
0.549072
0.522461
0.595459
0.631836
0.606445
0.513428
0.588135
0.546387
0.403076
0.512207
0.666016
0.634277
0.548096
0.599365
0.580322
0.630371
0.600342
0.539551
0.594971
0.606201
0.646973
0.615967
0.629883
0.658447
0.642090
0.658203
0.666504
0.596191
0.312256
0.329102
0.326416
0.334961
0.382324
0.338623
0.353516
0.369385
0.356689
0.415527
0.355469
0.369141
0.390869
0.431396
0.437012
0.463867
0.447266
0.479492
0.457520
0.448975
0.463135
0.517578
0.463867
0.470215
0.529297
0.541260
0.491943
0.525879
0.535400
0.485352
0.507324
0.312256
0.571533
0.533936
0.566406
0.615479
0.523438
0.573975
0.663574
0.544434
0.576416
0.607910
0.625977
0.604980
0.633301
0.650146
0.661621
0.664307
0.661377
0.586914
0.362305
0.363281
0.369141
0.385010
0.393311
0.409180
0.391846
0.406982
0.429199
0.442139
0.472900
0.413086
0.497070
0.480957
0.471680
0.465332
0.491943
0.447754
0.494873
0.484131
0.529297
0.535889
0.531982
0.553955
0.586426
0.543457
0.563965
0.546143
0.588867
0.573730
0.664063
0.570068
0.362305
0.677490
0.575684
0.635498
0.603516
0.639893
0.668213
0.536621
0.612793
0.652344
0.650146
0.673828
0.616943
0.652100
0.666992
0.692139
0.661377
0.641113
0.444336
0.458984
0.455078
0.458252
0.448242
0.464111
0.495605
0.496582
0.488281
0.511230
0.516357
0.567871
0.514893
0.548828
0.514648
0.604248
0.556885
0.502686
0.558350
0.545166
0.528076
0.540527
0.674561
0.540039
0.652344
0.534912
0.578125
0.638916
0.580078
0.533203
0.636230
0.534424
0.681885
0.444336
0.622559
0.574951
0.681396
0.579102
0.696533
0.611084
0.601563
0.640381
0.608398
0.657715
0.631592
0.684570
0.610840
0.683838
0.666504
0.583252
0.451660
0.463867
0.465576
0.463623
0.474854
0.467529
0.466553
0.500488
0.526611
0.486328
0.509521
0.503906
0.497803
0.522461
0.485352
0.550537
0.493652
0.489014
0.514893
0.521729
0.526611
0.579102
0.589355
0.532959
0.556885
0.510254
0.606201
0.586914
0.589844
0.527100
0.546143
0.566406
0.575684
0.622559
0.453613
0.555420
0.609375
0.665039
0.572266
0.588623
0.618408
0.602295
0.638428
0.649902
0.645264
0.621094
0.665771
0.653320
0.669678
0.603516
0.381592
0.381592
0.395996
0.390137
0.426514
0.411133
0.407959
0.405518
0.426270
0.452393
0.458496
0.481934
0.493896
0.418457
0.507324
0.550537
0.485352
0.529785
0.440186
0.528809
0.519043
0.522461
0.572998
0.526123
0.555420
0.495605
0.555176
0.624756
0.593506
0.576172
0.597412
0.615479
0.635498
0.574951
0.557373
0.381592
0.644287
0.643311
0.692627
0.591064
0.641602
0.652588
0.658691
0.658936
0.637451
0.587646
0.592529
0.677490
0.672363
0.630371
0.417236
0.427979
0.453369
0.457031
0.427734
0.424072
0.442627
0.502197
0.478516
0.479248
0.506836
0.472168
0.497070
0.527344
0.544922
0.538574
0.597168
0.503662
0.580811
0.513184
0.514404
0.572510
0.516357
0.558350
0.550293
0.556152
0.607178
0.575439
0.610840
0.567627
0.580322
0.523438
0.603516
0.681396
0.611328
0.646240
0.417236
0.617920
0.665039
0.602783
0.581787
0.628662
0.638428
0.603516
0.667480
0.646484
0.667969
0.677734
0.666504
0.583984
0.422607
0.432861
0.418701
0.471680
0.469727
0.447510
0.462158
0.521973
0.493896
0.476318
0.475586
0.541748
0.566406
0.504639
0.573486
0.474365
0.584473
0.541260
0.587891
0.520508
0.619141
0.518799
0.614746
0.591064
0.630127
0.528320
0.595703
0.621826
0.657959
0.589111
0.638672
0.582275
0.639404
0.578613
0.665039
0.643311
0.617920
0.422607
0.694336
0.649902
0.677490
0.683838
0.612061
0.656982
0.618896
0.650635
0.644287
0.672363
0.675537
0.610107
0.491211
0.492188
0.495605
0.498779
0.512939
0.499023
0.521973
0.542725
0.623779
0.545654
0.549316
0.559326
0.522705
0.613525
0.537354
0.590088
0.609619
0.537842
0.609863
0.684814
0.582764
0.598145
0.614746
0.625000
0.630371
0.535645
0.624756
0.685791
0.641357
0.627686
0.592041
0.664063
0.668213
0.696533
0.572266
0.692627
0.665039
0.686035
0.491211
0.600342
0.653320
0.629883
0.612793
0.668457
0.665283
0.656250
0.662598
0.687744
0.666504
0.590820
0.446289
0.446289
0.450195
0.449707
0.452393
0.504150
0.439453
0.546631
0.490967
0.511230
0.517334
0.528809
0.545898
0.513428
0.542725
0.539063
0.491699
0.500732
0.543945
0.570068
0.604248
0.594971
0.550293
0.554932
0.577393
0.569824
0.599609
0.559814
0.575684
0.557617
0.537598
0.544434
0.536621
0.611084
0.586670
0.589111
0.600830
0.649902
0.600342
0.448242
0.611816
0.624512
0.659668
0.656494
0.630371
0.639160
0.642090
0.650879
0.666504
0.595703
0.501465
0.501465
0.513916
0.463867
0.504395
0.550293
0.513428
0.508789
0.522461
0.558105
0.505615
0.523193
0.527588
0.558838
0.602295
0.546143
0.594482
0.538818
0.528076
0.533447
0.555908
0.563721
0.639404
0.607666
0.551025
0.576660
0.553711
0.565430
0.573730
0.580566
0.594971
0.576416
0.612793
0.603516
0.620361
0.643555
0.581787
0.677490
0.653320
0.613770
0.501465
0.622070
0.649902
0.648438
0.642334
0.651855
0.665039
0.656738
0.666504
0.608887
0.591797
0.588379
0.550537
0.607666
0.599365
0.594238
0.588623
0.593750
0.654541
0.628418
0.614502
0.639404
0.610352
0.608643
0.659180
0.583008
0.641602
0.604980
0.571777
0.642090
0.634277
0.660156
0.635986
0.634766
0.699707
0.589844
0.681152
0.681396
0.598633
0.585449
0.612549
0.614258
0.651855
0.638428
0.602295
0.652588
0.628662
0.683838
0.638184
0.624512
0.622070
0.591797
0.624268
0.657227
0.660400
0.645508
0.640625
0.670410
0.666504
0.638184
0.503906
0.503906
0.502930
0.529785
0.504639
0.510010
0.567139
0.558105
0.531494
0.555908
0.585693
0.561279
0.561279
0.577637
0.569092
0.584229
0.595947
0.562012
0.572998
0.624023
0.568848
0.613037
0.582520
0.596924
0.623535
0.601563
0.623535
0.642090
0.616211
0.619141
0.638672
0.626465
0.652100
0.608398
0.638428
0.658691
0.638428
0.608154
0.612793
0.659668
0.649902
0.626221
0.503906
0.663086
0.649902
0.667480
0.665039
0.665527
0.672363
0.638428
0.565186
0.573242
0.584229
0.564697
0.572021
0.566162
0.576172
0.623047
0.600098
0.596436
0.591553
0.594971
0.599365
0.601074
0.584473
0.572510
0.637451
0.644287
0.672607
0.599365
0.629150
0.639404
0.616455
0.606445
0.655273
0.622803
0.663086
0.623535
0.631836
0.650635
0.615479
0.604980
0.673340
0.657227
0.649902
0.658936
0.603516
0.656982
0.667969
0.656494
0.648438
0.657227
0.662598
0.565186
0.656494
0.666016
0.663574
0.659180
0.672363
0.614990
0.609131
0.606201
0.622314
0.600342
0.606201
0.619141
0.617188
0.628662
0.630371
0.614014
0.629639
0.655273
0.604248
0.612793
0.626221
0.659912
0.621582
0.646973
0.658691
0.631104
0.598145
0.622559
0.633057
0.594971
0.652832
0.656982
0.616699
0.618652
0.663818
0.665527
0.629395
0.633789
0.616943
0.628662
0.645264
0.637451
0.667480
0.619385
0.664795
0.630371
0.642334
0.660889
0.649414
0.656982
0.606201
0.659180
0.671143
0.658203
0.666504
0.608398
0.593750
0.592773
0.593750
0.599121
0.592773
0.599854
0.601318
0.626221
0.580566
0.599121
0.596924
0.644287
0.572266
0.604736
0.599854
0.625244
0.606445
0.616455
0.649658
0.636963
0.609131
0.600586
0.635010
0.614990
0.613770
0.600830
0.661621
0.610840
0.647217
0.659424
0.658447
0.650635
0.652588
0.684570
0.621094
0.587646
0.646484
0.651123
0.656250
0.639160
0.651855
0.645996
0.667480
0.666504
0.659668
0.593750
0.639160
0.659668
0.666504
0.640625
0.591309
0.591309
0.583496
0.593750
0.596680
0.583496
0.614014
0.593994
0.610840
0.596924
0.635254
0.648926
0.642334
0.652344
0.618408
0.669922
0.679932
0.608643
0.612305
0.643311
0.629150
0.625732
0.616211
0.632324
0.682373
0.645996
0.667236
0.641113
0.658447
0.642578
0.642090
0.661621
0.666992
0.610840
0.665771
0.592529
0.667969
0.644287
0.662598
0.642090
0.665039
0.640625
0.665039
0.663574
0.671143
0.639160
0.591309
0.668457
0.666504
0.666260
0.656494
0.656494
0.662354
0.661865
0.666260
0.658447
0.676025
0.682373
0.689697
0.697021
0.677246
0.691162
0.671143
0.677979
0.684814
0.698486
0.682129
0.641357
0.653076
0.691650
0.663330
0.705078
0.687256
0.690186
0.700684
0.645508
0.639648
0.686279
0.660889
0.660645
0.658203
0.664307
0.692139
0.683838
0.653320
0.677490
0.677734
0.672363
0.687744
0.650879
0.656738
0.670410
0.665527
0.659180
0.658203
0.659668
0.668457
0.656494
0.666504
0.666504
0.664551
0.664551
0.664551
0.664551
0.664551
0.664551
0.661377
0.675537
0.664551
0.664551
0.675537
0.664551
0.664551
0.675537
0.675537
0.672363
0.658691
0.669678
0.664551
0.669678
0.655518
0.664551
0.664551
0.664551
0.658691
0.672363
0.666504
0.661377
0.666504
0.658691
0.666504
0.661377
0.661377
0.666504
0.669678
0.672363
0.666504
0.675537
0.666504
0.666504
0.666504
0.666504
0.672363
0.672363
0.666504
0.666504
0.666504
0.666504
