0.000000
0.679688
0.996094
0.996094
0.632813
0.539063
0.996094
0.996094
0.996094
0.996094
0.996094
0.300781
0.996094
0.996094
0.714844
0.906250
0.902344
0.117188
0.742188
0.996094
0.996094
0.996094
0.554688
0.996094
0.996094
0.996094
0.996094
0.906250
0.527344
0.996094
0.996094
0.937500
0.164063
0.839844
0.996094
0.703125
0.152344
0.605469
0.996094
0.328125
0.867188
0.589844
0.996094
0.343750
0.996094
0.156250
0.996094
0.117188
0.757813
0.996094
0.996094
0.996094
0.996094
0.285156
0.511719
0.996094
0.789063
0.996094
0.996094
0.761719
0.339844
0.835938
0.996094
0.515625
0.996094
0.824219
0.996094
0.746094
0.996094
0.917969
0.996094
0.996094
0.996094
0.292969
0.996094
0.375000
0.996094
0.164063
0.996094
0.136719
0.917969
0.996094
0.996094
0.117188
0.652344
0.566406
0.367188
0.957031
0.996094
0.996094
0.367188
0.617188
0.050781
0.421875
0.996094
0.996094
0.996094
0.925781
0.265625
0.570313
0.996094
0.792969
0.996094
0.417969
0.785156
0.996094
0.996094
0.996094
0.996094
0.996094
0.996094
0.996094
0.820313
0.996094
0.996094
0.996094
0.996094
0.996094
0.996094
0.785156
0.371094
0.628906
0.261719
0.996094
0.789063
0.972656
0.996094
0.996094
0.996094
0.996094
0.996094
0.996094
0.996094
0.996094
0.996094
0.996094
0.996094
0.996094
0.996094
0.996094
0.996094
0.996094
0.996094
0.996094
0.996094
0.996094
0.996094
0.996094
0.996094
0.996094
0.996094
0.996094
0.996094
0.996094
0.996094
0.996094
0.996094
0.996094
0.996094
0.996094
0.996094
0.996094
0.996094
0.996094
0.996094
0.996094
0.996094
0.996094
0.996094
0.996094
0.996094
0.996094
0.996094
0.996094
0.996094
0.996094
0.996094
0.996094
0.996094
0.996094
0.996094
0.996094
0.996094
0.996094
0.996094
0.996094
0.996094
0.996094
0.996094
0.996094
0.996094
0.996094
0.996094
0.996094
0.996094
0.996094
0.996094
0.996094
0.996094
0.996094
0.996094
0.996094
0.996094
0.996094
0.996094
0.996094
0.996094
0.996094
0.996094
0.996094
0.996094
0.996094
0.996094
0.996094
0.996094
0.996094
0.996094
0.996094
0.996094
0.996094
0.996094
0.996094
0.996094
0.996094
0.996094
0.996094
0.996094
0.996094
0.996094
0.996094
0.996094
0.996094
0.996094
0.996094
0.996094
0.996094
0.996094
0.996094
0.996094
0.996094
0.996094
0.996094
0.996094
0.996094
0.996094
0.996094
0.996094
0.996094
0.996094
0.996094
