0.187500
0.187500
0.187500
0.289063
0.210938
0.207031
0.222656
0.195313
0.382813
0.289063
0.414063
0.355469
0.378906
0.101563
0.074219
0.230469
0.289063
0.179688
0.203125
0.230469
0.183594
0.222656
0.128906
0.257813
0.238281
0.207031
0.187500
0.175781
0.390625
0.183594
0.210938
0.207031
0.152344
0.195313
0.683594
0.179688
0.261719
0.269531
0.207031
0.433594
0.253906
0.312500
0.113281
0.097656
0.289063
0.191406
0.187500
0.082031
0.195313
0.425781
0.429688
0.195313
0.222656
0.304688
0.175781
0.328125
0.101563
0.179688
0.199219
0.378906
0.292969
0.179688
0.082031
0.226563
0.117188
0.097656
0.289063
0.128906
0.125000
0.343750
0.246094
0.210938
0.207031
0.191406
0.585938
0.105469
0.187500
0.343750
0.207031
0.437500
0.207031
0.183594
0.171875
0.347656
0.171875
0.179688
0.078125
0.250000
0.390625
0.359375
0.187500
0.191406
0.183594
0.160156
0.207031
0.308594
0.238281
0.285156
0.101563
0.179688
0.101563
0.378906
0.105469
0.449219
0.183594
0.117188
0.187500
0.195313
0.167969
0.222656
0.351563
0.250000
0.226563
0.234375
0.199219
0.269531
0.312500
0.140625
0.164063
0.164063
0.136719
0.207031
0.074219
0.273438
0.246094
0.542969
0.511719
0.441406
0.550781
0.554688
0.566406
0.503906
0.734375
0.460938
0.750000
0.820313
0.445313
0.718750
0.722656
0.585938
0.757813
0.695313
0.671875
0.714844
0.585938
0.539063
0.769531
0.812500
0.507813
0.605469
0.554688
0.527344
0.832031
0.574219
0.625000
0.507813
0.773438
0.804688
0.593750
0.968750
0.519531
0.507813
0.652344
0.621094
0.507813
0.636719
0.546875
0.539063
0.503906
0.613281
0.507813
0.554688
0.445313
0.644531
0.835938
0.593750
0.699219
0.617188
0.812500
0.812500
0.691406
0.554688
0.566406
0.644531
0.757813
0.371094
0.449219
0.515625
0.656250
0.718750
0.589844
0.539063
0.621094
0.480469
0.511719
0.511719
0.542969
0.503906
0.503906
0.511719
0.484375
0.640625
0.667969
0.750000
0.660156
0.621094
0.531250
0.609375
0.867188
0.617188
0.589844
0.562500
0.503906
0.523438
0.460938
0.414063
0.597656
0.496094
0.507813
0.675781
0.601563
0.644531
0.484375
0.644531
0.562500
0.628906
0.523438
0.554688
0.468750
0.632813
0.671875
0.742188
0.558594
0.554688
0.523438
0.699219
0.628906
0.992188
0.539063
0.437500
0.671875
0.566406
0.660156
0.648438
0.660156
0.550781
0.656250
0.550781
0.656250
0.550781
