0.000000
0.018066
0.029053
0.036133
0.042480
0.054443
0.045410
0.062500
0.072510
0.085205
0.092041
0.106445
0.106689
0.150879
0.159912
0.146729
0.186523
0.192383
0.170898
0.279297
0.284424
0.263184
0.310303
0.308105
0.333496
0.344482
0.397705
0.500000
0.539795
0.470459
0.595459
0.506592
0.587891
0.564697
0.673828
0.669678
0.700195
0.910889
0.768066
0.800781
0.901855
0.854736
0.913330
0.955811
0.829590
0.956299
0.980225
0.982422
0.968018
0.954590
0.999756
0.031250
0.029053
0.047852
0.053467
0.062744
0.055664
0.080811
0.088623
0.096924
0.106201
0.110596
0.121826
0.162354
0.177246
0.153320
0.198486
0.204102
0.179443
0.287842
0.290283
0.274414
0.322510
0.325195
0.345459
0.356934
0.406738
0.504883
0.539307
0.479248
0.615479
0.542969
0.599609
0.575928
0.673828
0.728516
0.700195
0.910889
0.768066
0.809326
0.901855
0.875244
0.913330
0.955811
0.829590
0.941895
0.980225
0.982422
0.968018
0.954590
0.999756
0.038330
0.047852
0.036133
0.061768
0.073242
0.072266
0.085693
0.091309
0.104492
0.104980
0.123535
0.131592
0.167236
0.182129
0.168457
0.211426
0.222656
0.188232
0.291748
0.336426
0.309570
0.351318
0.327881
0.359863
0.354980
0.425537
0.532227
0.553711
0.493164
0.645264
0.548096
0.626465
0.627197
0.700195
0.679688
0.707520
0.918457
0.807861
0.804443
0.909912
0.854736
0.864746
0.955811
0.829590
0.956299
0.980225
0.982422
0.968018
0.954590
0.999756
0.044678
0.053467
0.061768
0.042480
0.077881
0.071777
0.085205
0.094727
0.117432
0.114258
0.148682
0.119873
0.163330
0.200195
0.167969
0.231934
0.227783
0.211914
0.298584
0.284180
0.306152
0.358154
0.351563
0.383789
0.398926
0.487549
0.499512
0.543457
0.514160
0.620850
0.528809
0.619385
0.565918
0.674805
0.697998
0.710938
0.915039
0.794678
0.802490
0.908936
0.863281
0.913330
0.955811
0.829590
0.941406
0.980225
0.982422
0.968018
0.958740
0.999756
0.056641
0.062744
0.073242
0.077881
0.054443
0.087891
0.086670
0.119385
0.136719
0.134766
0.134521
0.148682
0.233643
0.200195
0.202637
0.253418
0.235107
0.221680
0.330566
0.371094
0.298340
0.384277
0.399170
0.372803
0.426514
0.459473
0.530273
0.566162
0.549561
0.664063
0.575684
0.678955
0.631104
0.742188
0.718994
0.776367
0.947754
0.820068
0.817627
0.908203
0.871094
0.920410
0.960449
0.861328
0.947754
0.980225
0.988281
0.992920
0.954590
0.999756
0.047607
0.055664
0.072266
0.071777
0.087891
0.045410
0.102783
0.115234
0.128906
0.143311
0.144287
0.154785
0.201416
0.238037
0.196289
0.238037
0.261230
0.248291
0.307373
0.342529
0.363037
0.369873
0.394775
0.356689
0.433838
0.491699
0.549316
0.635742
0.586670
0.681885
0.606934
0.618896
0.632324
0.756592
0.748047
0.777588
0.916992
0.825195
0.799072
0.922363
0.851074
0.905762
0.955811
0.852295
0.976318
0.973389
0.982422
0.968018
0.977295
0.999756
0.065918
0.080811
0.085693
0.085205
0.086670
0.102783
0.062500
0.116455
0.139404
0.141602
0.171631
0.142822
0.206787
0.220703
0.214600
0.284180
0.262451
0.261963
0.337891
0.395996
0.301514
0.412842
0.380615
0.412598
0.430908
0.463867
0.564941
0.610352
0.574707
0.622559
0.581299
0.644287
0.659424
0.746094
0.680664
0.750244
0.860840
0.810791
0.839111
0.903564
0.898682
0.946777
0.955811
0.846191
0.969727
0.993896
0.982422
0.992920
0.954590
0.999756
0.074707
0.088623
0.091309
0.094727
0.119385
0.115234
0.116455
0.072510
0.154297
0.179688
0.166992
0.198486
0.236084
0.268311
0.247803
0.281494
0.277588
0.307129
0.362549
0.388916
0.397217
0.428223
0.401611
0.418457
0.477783
0.551270
0.601563
0.662109
0.594727
0.691406
0.634277
0.721680
0.660156
0.727295
0.717041
0.751221
0.937988
0.821533
0.839111
0.925781
0.922363
0.915283
0.988037
0.895508
0.960449
0.980225
0.982666
0.999756
0.972900
0.999756
0.088379
0.096924
0.104492
0.117432
0.136719
0.128906
0.139404
0.154297
0.085205
0.197754
0.206055
0.187012
0.261230
0.217529
0.280762
0.291992
0.268311
0.304199
0.385498
0.379395
0.377197
0.415771
0.496582
0.414551
0.476807
0.538574
0.600098
0.572754
0.616943
0.751221
0.604248
0.721680
0.719727
0.819580
0.758545
0.769287
0.864502
0.797607
0.863770
0.928955
0.893066
0.886719
0.955811
0.855469
0.995605
0.992920
0.988525
0.992920
0.954590
0.999756
0.094238
0.106201
0.104980
0.114258
0.134766
0.143311
0.141602
0.179688
0.197754
0.092041
0.195313
0.247314
0.265137
0.322266
0.289795
0.274414
0.325928
0.299805
0.372559
0.375488
0.374268
0.431885
0.425049
0.419678
0.428711
0.569580
0.617188
0.656982
0.694336
0.687988
0.652588
0.687500
0.660400
0.797363
0.837646
0.783691
0.921387
0.862549
0.880615
0.977295
0.870850
0.922852
0.961670
0.834229
0.947266
0.986084
0.988525
0.999756
0.954590
0.999756
0.110352
0.110596
0.123535
0.148682
0.134521
0.144287
0.171631
0.166992
0.206055
0.195313
0.106445
0.217773
0.251953
0.284668
0.256348
0.321533
0.318359
0.286377
0.414063
0.415283
0.439697
0.490967
0.429688
0.480957
0.496338
0.551025
0.565918
0.621338
0.666504
0.708008
0.605225
0.672852
0.698975
0.794434
0.725342
0.774170
0.920166
0.859863
0.822754
0.973633
0.927490
0.956299
0.953613
0.833496
0.948730
0.999756
0.993652
0.974854
0.954590
0.999756
0.111572
0.121826
0.131592
0.119873
0.148682
0.154785
0.142822
0.198486
0.187012
0.247314
0.217773
0.106689
0.291748
0.310791
0.275635
0.299072
0.326172
0.374023
0.456787
0.524170
0.421143
0.502930
0.500488
0.489502
0.506104
0.604248
0.660156
0.697998
0.652832
0.699219
0.689209
0.728516
0.650635
0.782227
0.736084
0.792725
0.923340
0.885010
0.840820
0.931152
0.933594
0.925049
0.967529
0.832031
0.963623
0.998047
0.993896
0.999756
0.958740
0.999756
0.153076
0.162354
0.167236
0.163330
0.233643
0.201416
0.206787
0.236084
0.261230
0.265137
0.251953
0.291748
0.150879
0.352295
0.316406
0.363770
0.363037
0.367188
0.450684
0.463379
0.440918
0.546875
0.468506
0.516846
0.506592
0.610596
0.621094
0.711426
0.684082
0.741455
0.650391
0.733398
0.690186
0.862305
0.782227
0.832275
0.880859
0.769531
0.873779
0.948242
0.914551
0.896484
0.960938
0.879395
0.911621
0.995117
0.993652
0.974854
0.977295
0.999756
0.162109
0.177246
0.182129
0.200195
0.200195
0.238037
0.220703
0.268311
0.217529
0.322266
0.284668
0.310791
0.354492
0.159912
0.321045
0.412842
0.408203
0.444580
0.474121
0.484863
0.442139
0.554199
0.506348
0.530762
0.658447
0.720459
0.664551
0.690918
0.701904
0.791748
0.668457
0.854004
0.766602
0.780762
0.769531
0.877197
0.957031
0.886475
0.912109
0.951660
0.928467
0.973389
0.976807
0.877686
0.980469
0.975586
0.993652
0.999756
0.972900
0.999756
0.150146
0.153320
0.168457
0.167969
0.202637
0.196289
0.214600
0.247803
0.280762
0.289795
0.256348
0.265381
0.316406
0.321045
0.146729
0.365234
0.396729
0.487305
0.364014
0.465820
0.506836
0.569336
0.500488
0.553467
0.584229
0.660645
0.690674
0.762939
0.662109
0.793945
0.784180
0.726074
0.786133
0.875000
0.796387
0.824219
0.931152
0.877197
0.861816
0.982178
0.966309
0.971191
0.998047
0.887939
0.980469
0.986084
0.993652
0.992920
0.977051
0.999756
0.191406
0.198486
0.211426
0.231934
0.253418
0.238037
0.284180
0.281494
0.291992
0.274414
0.321533
0.299072
0.363770
0.412842
0.365234
0.186523
0.463379
0.403809
0.476074
0.557617
0.545410
0.587158
0.588379
0.640625
0.641113
0.582275
0.775391
0.769043
0.685547
0.742432
0.758545
0.731934
0.735596
0.820801
0.808350
0.861084
0.927490
0.870850
0.913818
0.921875
0.930420
0.956299
0.970703
0.847900
0.969482
0.989258
0.999512
0.999756
0.958740
0.999756
0.201660
0.204102
0.222656
0.227783
0.235107
0.261230
0.263184
0.277588
0.268311
0.325928
0.318359
0.326172
0.375000
0.408203
0.396729
0.463379
0.192383
0.446289
0.480469
0.536377
0.476074
0.580811
0.545654
0.588135
0.613525
0.736084
0.696533
0.737793
0.750732
0.766357
0.769531
0.806152
0.737793
0.860107
0.809082
0.829102
0.937988
0.888428
0.885254
0.979736
0.929443
0.937500
0.994873
0.908203
0.969482
0.992920
0.999512
0.992920
0.972900
0.999756
0.181152
0.179443
0.188232
0.211914
0.221680
0.247559
0.261963
0.307129
0.304199
0.299805
0.286377
0.362061
0.367188
0.444580
0.487305
0.403809
0.446289
0.170898
0.565186
0.621582
0.510986
0.644531
0.562012
0.668213
0.622314
0.669434
0.826416
0.812988
0.738281
0.765381
0.775635
0.750977
0.838379
0.837891
0.815430
0.873779
0.970215
0.910156
0.877686
0.919434
0.942871
0.990234
0.985840
0.987305
0.989502
0.993896
0.988281
0.992920
0.995605
0.999756
0.284668
0.287842
0.291748
0.298584
0.330566
0.307373
0.337891
0.362549
0.385498
0.372559
0.414063
0.456787
0.462646
0.474121
0.364014
0.476074
0.480469
0.577148
0.279297
0.596924
0.538330
0.666748
0.616211
0.739502
0.659180
0.654785
0.780029
0.767090
0.826172
0.797363
0.886963
0.791016
0.761475
0.905273
0.865234
0.907959
0.957031
0.887207
0.903076
0.946777
0.900879
0.944336
0.971924
0.917969
0.961426
0.986084
0.993652
0.999756
0.958740
0.999756
0.289307
0.290283
0.336426
0.284180
0.371094
0.342529
0.395996
0.388916
0.379395
0.375488
0.415283
0.519287
0.475342
0.484863
0.465820
0.557617
0.531494
0.621582
0.602051
0.284424
0.701660
0.644775
0.696533
0.630615
0.753906
0.716309
0.782471
0.756836
0.713867
0.800781
0.795898
0.814697
0.824219
0.825195
0.891602
0.861084
0.907227
0.897217
0.856689
0.949951
0.916992
0.961914
0.958252
0.900146
0.992432
0.975098
0.988281
0.968018
0.977295
0.999756
0.268066
0.274414
0.309570
0.306152
0.298340
0.363037
0.301514
0.397217
0.377197
0.374268
0.439697
0.416260
0.452881
0.442139
0.506836
0.545410
0.476074
0.499023
0.538330
0.701660
0.263184
0.596191
0.674805
0.693848
0.754150
0.678711
0.712891
0.683350
0.841309
0.799316
0.828125
0.762695
0.738281
0.932129
0.828369
0.886475
0.935791
0.948242
0.869141
0.992920
0.914307
0.927246
0.976318
0.910645
0.924561
0.992920
0.993652
0.992920
0.954590
0.999756
0.314209
0.322510
0.351318
0.358154
0.384277
0.369873
0.412842
0.432129
0.415771
0.431885
0.490967
0.496826
0.546875
0.564453
0.569336
0.597412
0.592773
0.654785
0.666748
0.644775
0.596191
0.314209
0.634766
0.645752
0.695557
0.778809
0.763916
0.829590
0.826172
0.783691
0.821533
0.838867
0.813477
0.879883
0.907227
0.925537
0.934814
0.889404
0.859863
0.971924
0.919922
0.888672
0.979736
0.933350
0.947021
0.986084
0.993896
0.999756
0.995605
0.999756
0.312256
0.325195
0.327881
0.351563
0.399170
0.394775
0.370361
0.401611
0.496582
0.425049
0.429688
0.500488
0.468506
0.506348
0.490234
0.578125
0.533691
0.572266
0.616211
0.696533
0.662842
0.634766
0.308105
0.619141
0.812256
0.817383
0.772461
0.799316
0.902588
0.769287
0.824707
0.763916
0.754395
0.927490
0.929199
0.947266
0.957520
0.917480
0.907471
0.981445
0.946533
0.895752
0.979248
0.837158
0.976318
0.983154
0.982666
0.999756
0.972900
0.999756
0.343018
0.354980
0.369385
0.393311
0.382324
0.368652
0.422119
0.427979
0.424072
0.419678
0.492920
0.489502
0.528809
0.530762
0.565430
0.652588
0.588135
0.680176
0.751465
0.642578
0.705811
0.657715
0.631104
0.343018
0.614502
0.715088
0.692871
0.834717
0.827637
0.836426
0.784912
0.815918
0.798096
0.853027
0.844971
0.921143
0.891113
0.859131
0.894043
0.958984
0.945801
0.999756
0.983643
0.886475
0.926514
0.999756
0.982422
0.999756
0.977051
0.999756
0.344482
0.348877
0.346924
0.390869
0.418457
0.421875
0.420654
0.469727
0.476807
0.418457
0.486084
0.495850
0.506592
0.648193
0.576172
0.630859
0.602539
0.622314
0.647217
0.741943
0.742188
0.685303
0.802002
0.602539
0.344482
0.780029
0.783936
0.761475
0.877441
0.909180
0.846191
0.882813
0.791504
0.922119
0.940430
0.921631
0.947998
0.936523
0.867920
0.947754
0.873779
0.987793
0.972656
0.954102
0.982178
0.981934
0.999512
0.999756
0.958740
0.999756
0.405518
0.406738
0.425537
0.487549
0.459473
0.491699
0.463867
0.551270
0.538574
0.569580
0.562256
0.604248
0.610596
0.720459
0.660645
0.582275
0.724854
0.681396
0.654785
0.716309
0.690674
0.778809
0.829346
0.703125
0.791016
0.405518
0.921387
0.933105
0.957520
0.906738
0.844727
0.930176
0.826172
0.965088
0.798828
0.916260
0.883057
0.823975
0.970215
0.990967
0.962646
0.956299
0.994873
0.932617
0.926514
0.993896
0.993896
0.999756
0.995605
0.999756
0.511963
0.504883
0.532227
0.499512
0.530273
0.561279
0.576904
0.601563
0.600098
0.605225
0.565918
0.660156
0.633057
0.664551
0.702637
0.775391
0.696533
0.826416
0.780029
0.782471
0.724854
0.751953
0.784424
0.692871
0.783936
0.933350
0.511963
0.832275
0.865479
0.897949
0.912109
0.899902
0.827637
0.895752
0.999756
0.947266
0.962891
0.954590
0.923340
0.997314
0.951416
0.985352
0.966797
0.960449
0.974609
0.999756
0.999756
0.999756
0.977295
0.999756
0.546631
0.539307
0.553711
0.543457
0.559326
0.628906
0.610352
0.662109
0.572754
0.663818
0.621338
0.691162
0.711426
0.678955
0.762939
0.757080
0.749756
0.823242
0.755127
0.744873
0.683350
0.829590
0.789063
0.834717
0.761475
0.921143
0.844238
0.546631
0.976318
0.859375
0.892578
0.875244
0.864746
0.957764
0.946777
0.930664
0.935303
0.968750
0.962402
0.980225
0.959229
0.987793
0.980713
0.908447
0.972412
0.980957
0.999512
0.992920
0.958740
0.999756
0.475342
0.484131
0.498047
0.526123
0.554443
0.591553
0.579590
0.599609
0.616943
0.706299
0.671387
0.657715
0.696045
0.713867
0.674072
0.685547
0.750732
0.750244
0.831299
0.718750
0.841309
0.838135
0.902588
0.827637
0.889404
0.957520
0.865479
0.988281
0.475342
0.916016
0.939209
0.878906
0.961426
0.876953
0.968262
0.952637
0.987793
0.965576
0.995117
0.950928
0.999756
0.999756
0.994385
0.976807
0.993652
0.995117
0.988281
0.999756
0.999756
0.999756
0.595459
0.615479
0.645264
0.620850
0.664063
0.681885
0.622559
0.691406
0.751221
0.687988
0.708008
0.699219
0.741455
0.791748
0.793945
0.742432
0.766357
0.765381
0.797363
0.800781
0.799316
0.783691
0.769287
0.836426
0.909180
0.906738
0.897949
0.859375
0.916016
0.595459
0.865479
0.878906
0.963379
0.927490
0.846436
0.956543
0.913574
0.895020
0.954590
0.993408
0.950684
0.900635
0.981445
0.925049
0.936523
0.999756
0.999756
0.992920
0.954590
0.999756
0.506592
0.542969
0.548096
0.528809
0.575684
0.606934
0.581299
0.634277
0.604248
0.652588
0.605225
0.689209
0.650391
0.668457
0.784180
0.758545
0.769531
0.775635
0.886963
0.795898
0.828125
0.821533
0.824707
0.784912
0.846191
0.844727
0.912109
0.892578
0.939209
0.865479
0.506592
0.904053
0.876709
0.901123
0.828857
0.934814
0.950195
0.929199
0.890137
0.998047
0.941406
0.955078
0.964111
0.972168
0.999756
0.995117
0.999756
0.999756
0.977295
0.999756
0.587891
0.599609
0.626465
0.619385
0.678955
0.618896
0.644287
0.721680
0.721680
0.687500
0.672852
0.728516
0.733398
0.854004
0.726074
0.731934
0.806152
0.750977
0.791016
0.814697
0.762695
0.838867
0.763916
0.815918
0.882813
0.930176
0.899902
0.875244
0.878906
0.878906
0.904053
0.587891
0.929932
0.876221
0.839844
0.993652
0.967529
0.962402
0.916260
0.999268
0.963135
0.956299
0.989746
0.901855
0.995605
0.995117
0.988281
0.974854
0.977051
0.999756
0.564697
0.564697
0.615967
0.554688
0.631104
0.632324
0.648193
0.648926
0.708496
0.649170
0.687744
0.650635
0.690186
0.766602
0.774902
0.735596
0.726563
0.827148
0.761475
0.824219
0.738281
0.813477
0.754395
0.798096
0.791504
0.826172
0.827637
0.864746
0.961426
0.963379
0.876709
0.929932
0.564697
0.970947
0.904053
0.953125
0.942139
0.950684
0.923096
0.999756
0.913086
0.956299
0.992432
0.933594
0.952881
0.999756
0.993896
0.999756
0.977051
0.999756
0.685059
0.685059
0.711426
0.685547
0.731689
0.767822
0.757324
0.738525
0.830811
0.808594
0.794434
0.782227
0.862305
0.791992
0.875000
0.832031
0.871338
0.837891
0.905273
0.825195
0.932129
0.879883
0.927490
0.853027
0.922119
0.965088
0.895752
0.957764
0.876953
0.927490
0.901123
0.876221
0.982178
0.685059
0.979736
0.976563
0.993164
0.966064
0.947510
0.983154
0.993164
0.985107
0.990967
0.991211
0.995605
0.988281
0.999756
0.992920
0.999756
0.999756
0.669678
0.728516
0.679688
0.697998
0.718994
0.748047
0.680664
0.717041
0.758545
0.837646
0.725342
0.736084
0.782227
0.769531
0.796387
0.808350
0.809082
0.815430
0.865234
0.891602
0.828369
0.907227
0.929199
0.844971
0.940430
0.798828
0.987793
0.946777
0.968262
0.846436
0.828857
0.839844
0.904053
0.979736
0.669678
0.930664
0.951904
0.995605
0.930908
0.999756
0.981445
0.956299
0.967529
0.920166
0.995605
0.992920
0.999512
0.992920
0.954590
0.999756
0.700195
0.700195
0.707520
0.710938
0.776367
0.777588
0.750244
0.751221
0.769287
0.783691
0.774170
0.792725
0.832275
0.877197
0.824219
0.861084
0.829102
0.873779
0.907959
0.861084
0.886475
0.925537
0.947266
0.921143
0.921631
0.928223
0.947266
0.930664
0.952637
0.956543
0.934814
0.993652
0.953125
0.976563
0.930664
0.700195
0.964600
0.995850
0.999023
0.999756
0.967041
0.999756
0.979736
0.976563
0.999756
0.992920
0.999756
0.992920
0.981445
0.999756
0.910889
0.910889
0.918457
0.915039
0.947754
0.916992
0.860840
0.937988
0.864502
0.921387
0.920166
0.923340
0.880859
0.957031
0.931152
0.927490
0.937988
0.970215
0.957031
0.907227
0.935791
0.934814
0.957520
0.891113
0.947998
0.883057
0.962891
0.935303
0.987793
0.913574
0.950195
0.967529
0.942139
0.993164
0.951904
0.964600
0.910889
0.933594
0.970215
0.999756
0.946289
0.999756
0.980713
0.999023
0.984863
0.999756
0.999756
0.999756
0.981445
0.999756
0.768066
0.768066
0.807861
0.794678
0.820068
0.825195
0.810791
0.821533
0.797607
0.862549
0.859863
0.885010
0.769531
0.886475
0.877197
0.870850
0.888428
0.910156
0.887207
0.897217
0.948242
0.889404
0.917480
0.859131
0.936523
0.823975
0.954590
0.968750
0.965576
0.895020
0.929199
0.962402
0.950684
0.966064
0.995605
0.995850
0.933594
0.768066
0.983154
0.981445
0.965820
0.999756
0.999023
0.995117
0.972900
0.993896
0.993896
0.999756
0.995605
0.999756
0.800781
0.809326
0.804443
0.802490
0.817627
0.799072
0.839111
0.839111
0.863770
0.880615
0.822754
0.840820
0.873779
0.912109
0.861816
0.913818
0.885254
0.877686
0.903076
0.856689
0.869141
0.859863
0.907471
0.894043
0.867920
0.970215
0.923340
0.962402
0.995117
0.954590
0.890137
0.916260
0.923096
0.947510
0.930908
0.999023
0.970215
0.983154
0.800781
0.983154
0.970215
0.956299
0.995117
0.949951
0.999756
0.995117
0.999756
0.999756
0.999756
0.999756
0.901855
0.901855
0.909912
0.908936
0.908203
0.922363
0.903564
0.925781
0.928955
0.977295
0.973633
0.931152
0.948242
0.951660
0.982178
0.921875
0.979736
0.919434
0.946777
0.949951
0.992920
0.971924
0.981445
0.958984
0.947754
0.990967
0.997314
0.980225
0.950928
0.993408
0.998047
0.999268
0.999756
0.983154
0.999756
0.999756
0.999756
0.981445
0.983154
0.901855
0.999756
0.999756
0.999756
0.999756
0.999756
0.999756
0.999756
0.999756
0.999756
0.999756
0.854736
0.863281
0.842773
0.851318
0.859131
0.839111
0.886719
0.922363
0.881104
0.870850
0.915527
0.933594
0.914551
0.928467
0.954346
0.918457
0.929443
0.942871
0.900879
0.905029
0.902344
0.919922
0.934570
0.933838
0.873779
0.950684
0.951416
0.959229
0.987793
0.950684
0.941406
0.963135
0.913086
0.993164
0.981445
0.967041
0.946289
0.965820
0.970215
0.999756
0.854736
0.987793
0.981445
0.985352
0.986328
0.987793
0.999756
0.999756
0.981445
0.999756
0.925293
0.925293
0.876709
0.925293
0.932373
0.917725
0.946777
0.927246
0.886719
0.934814
0.956299
0.925049
0.896484
0.985352
0.983154
0.956299
0.937500
0.990234
0.956299
0.973877
0.927246
0.900635
0.907715
0.999756
0.999756
0.956299
0.985352
0.999756
0.999756
0.900635
0.955078
0.956299
0.956299
0.985107
0.956299
0.999756
0.999756
0.999756
0.956299
0.999756
0.999756
0.925293
0.999756
0.956299
0.999756
0.999756
0.999756
0.999756
0.995605
0.999756
0.955811
0.955811
0.955811
0.955811
0.960449
0.955811
0.955811
0.988037
0.955811
0.961670
0.953613
0.967529
0.960938
0.976807
0.998047
0.970703
0.994873
0.985840
0.971924
0.958252
0.976318
0.979736
0.979248
0.983643
0.972656
0.994873
0.966797
0.980713
0.994385
0.981445
0.964111
0.989746
0.992432
0.990967
0.967529
0.979736
0.980713
0.999023
0.995117
0.999756
0.981445
0.999756
0.955811
0.994385
0.995605
0.995117
0.999756
0.999756
0.981445
0.999756
0.829590
0.829590
0.829590
0.829590
0.861328
0.852295
0.846191
0.895508
0.855469
0.834229
0.833496
0.832031
0.879395
0.877686
0.887939
0.847900
0.908203
0.987305
0.917969
0.900146
0.910645
0.933350
0.837158
0.886475
0.954102
0.932617
0.960449
0.908447
0.976807
0.925049
0.972168
0.901855
0.933594
0.991211
0.920166
0.976563
0.999023
0.995117
0.949951
0.999756
0.985352
0.956299
0.994385
0.829590
0.999756
0.995117
0.999756
0.999756
0.977051
0.999756
0.956299
0.929932
0.944336
0.929443
0.935791
0.964355
0.957764
0.960449
0.983643
0.947266
0.936768
0.963623
0.911621
0.980469
0.968506
0.957520
0.969482
0.989502
0.961426
0.980469
0.912598
0.947021
0.964355
0.914551
0.982178
0.914551
0.974609
0.972412
0.981689
0.936523
0.999756
0.995605
0.952881
0.995605
0.995605
0.999756
0.984863
0.972900
0.999756
0.999756
0.986328
0.987793
0.995605
0.999756
0.956299
0.987793
0.993896
0.999756
0.999756
0.999756
0.992188
0.992188
0.992188
0.992188
0.992188
0.985352
0.993896
0.992188
0.992920
0.998047
0.999756
0.998047
0.995117
0.987549
0.998047
0.989258
0.992920
0.993896
0.998047
0.987061
0.992920
0.998047
0.995117
0.999756
0.993896
0.993896
0.999756
0.992920
0.995117
0.999756
0.995117
0.995117
0.999756
0.988281
0.992920
0.992920
0.999756
0.993896
0.995117
0.999756
0.999756
0.999756
0.995117
0.995117
0.999756
0.992188
0.999756
0.992920
0.999756
0.999756
0.982422
0.982422
0.982422
0.982422
0.988281
0.982422
0.982422
0.982666
0.988525
0.988525
0.993652
0.993896
0.993652
0.993652
0.993652
0.999512
0.999512
0.988281
0.993652
0.988281
0.993652
0.993896
0.982666
0.982422
0.999512
0.993896
0.999756
0.999512
0.988281
0.999756
0.999756
0.988281
0.993896
0.999756
0.999512
0.999756
0.999756
0.993896
0.999756
0.999756
0.999756
0.999756
0.999756
0.999756
0.993896
0.999756
0.982422
0.999756
0.999756
0.999756
0.968018
0.968018
0.968018
0.968018
0.992920
0.968018
0.992920
0.999756
0.992920
0.999756
0.974854
0.999756
0.974854
0.999756
0.992920
0.999756
0.992920
0.992920
0.999756
0.968018
0.992920
0.999756
0.999756
0.999756
0.999756
0.999756
0.999756
0.992920
0.999756
0.992920
0.999756
0.974854
0.999756
0.992920
0.992920
0.992920
0.999756
0.999756
0.999756
0.999756
0.999756
0.999756
0.999756
0.999756
0.999756
0.992920
0.999756
0.968018
0.999756
0.999756
0.954590
0.954590
0.954590
0.958740
0.954590
0.977295
0.954590
0.972900
0.954590
0.954590
0.954590
0.958740
0.977295
0.972900
0.977051
0.958740
0.972900
0.995605
0.958740
0.977295
0.954590
0.995605
0.972900
0.977051
0.958740
0.995605
0.977295
0.958740
0.999756
0.954590
0.977295
0.977051
0.977051
0.999756
0.954590
0.981445
0.981445
0.995605
0.999756
0.999756
0.981445
0.995605
0.981445
0.977051
0.999756
0.999756
0.999756
0.999756
0.954590
0.999756
0.999756
0.999756
0.999756
0.999756
0.999756
0.999756
0.999756
0.999756
0.999756
0.999756
0.999756
0.999756
0.999756
0.999756
0.999756
0.999756
0.999756
0.999756
0.999756
0.999756
0.999756
0.999756
0.999756
0.999756
0.999756
0.999756
0.999756
0.999756
0.999756
0.999756
0.999756
0.999756
0.999756
0.999756
0.999756
0.999756
0.999756
0.999756
0.999756
0.999756
0.999756
0.999756
0.999756
0.999756
0.999756
0.999756
0.999756
0.999756
0.999756
