0.000000
0.403320
0.326172
0.355469
0.239258
0.498047
0.538086
0.527344
0.329102
0.222656
0.415039
0.243164
0.299805
0.167969
0.167969
0.378906
0.457031
0.249023
0.371094
0.546875
0.262695
0.411133
0.241211
0.317383
0.357422
0.208008
0.476563
0.498047
0.293945
0.131836
0.689453
0.171875
0.430664
0.177734
0.190430
0.493164
0.357422
0.533203
0.309570
0.323242
0.344727
0.059570
0.400391
0.281250
0.384766
0.264648
0.373047
0.228516
0.373047
0.142578
0.281250
0.664063
0.303711
0.101563
0.478516
0.427734
0.461914
0.152344
0.403320
0.093750
0.232422
0.094727
0.440430
0.431641
0.343750
0.087891
0.417969
0.196289
0.285156
0.328125
0.467773
0.194336
0.193359
0.297852
0.340820
0.510742
0.194336
0.087891
0.697266
0.328125
0.462891
0.509766
0.428711
0.296875
0.454102
0.215820
0.466797
0.361328
0.291992
0.457031
0.478516
0.321289
0.198242
0.184570
0.519531
0.432617
0.243164
0.298828
0.211914
0.563477
0.535156
0.291992
0.681641
0.312500
0.402344
0.309570
0.495117
0.370117
0.346680
0.212891
0.478516
0.551758
0.513672
0.432617
0.343750
0.364258
0.484375
0.333008
0.626953
0.130859
0.331055
0.210938
0.375977
0.807617
0.438477
0.318359
0.812500
0.946289
0.643555
0.824219
0.770508
0.750000
0.747070
0.638672
0.598633
0.727539
0.606445
0.788086
0.867188
0.661133
0.853516
0.604492
0.820313
0.725586
0.533203
0.955078
0.874023
0.718750
0.846680
0.872070
0.729492
0.876953
0.625977
0.976563
0.769531
0.711914
0.532227
0.390625
0.831055
0.624023
0.547852
0.482422
0.970703
0.709961
0.809570
0.586914
0.804688
0.842773
0.556641
0.748047
0.968750
0.905273
0.907227
0.327148
0.652344
0.963867
0.519531
0.700195
0.855469
0.834961
0.510742
0.780273
0.700195
0.746094
0.660156
0.611328
0.722656
0.819336
0.745117
0.747070
0.962891
0.792969
0.439453
0.839844
0.809570
0.744141
0.940430
0.466797
0.880859
0.446289
0.762695
0.624023
0.744141
0.389648
0.657227
0.860352
0.922852
0.833008
0.684570
0.643555
0.914063
0.714844
0.412109
0.869141
0.886719
0.833984
0.503906
0.608398
0.611328
0.561523
0.652344
0.882813
0.672852
0.523438
0.517578
0.882813
0.511719
0.577148
0.420898
0.713867
0.496094
0.700195
0.733398
0.701172
0.801758
0.943359
0.837891
0.738281
0.704102
0.866211
0.666016
0.766602
0.786133
0.514648
0.703125
0.822266
0.475586
0.629883
0.701172
0.705078
