0.000000
0.567383
0.812500
0.679688
0.442383
0.466797
0.681641
0.999023
0.459961
0.429688
0.367188
0.479492
0.620117
0.562500
0.659180
0.683594
0.882813
0.481445
0.764648
0.875000
0.559570
0.783203
0.601563
0.782227
0.587891
0.807617
0.979492
0.696289
0.214844
0.564453
0.999023
0.607422
0.711914
0.326172
0.270508
0.772461
0.533203
0.714844
0.681641
0.876953
0.925781
0.188477
0.695313
0.764648
0.663086
0.644531
0.785156
0.492188
0.670898
0.766602
0.506836
0.698242
0.618164
0.458008
0.708008
0.833984
0.509766
0.478516
0.727539
0.461914
0.449219
0.787109
0.849609
0.593750
0.441406
0.488281
0.622070
0.552734
0.682617
0.750977
0.783203
0.583984
0.835938
0.647461
0.737305
0.538086
0.319336
0.327148
0.937500
0.557617
0.761719
0.799805
0.718750
0.674805
0.738281
0.400391
0.721680
0.632813
0.312500
0.778320
0.605469
0.694336
0.490234
0.327148
0.197266
0.775391
0.709961
0.253906
0.433594
0.899414
0.851563
0.836914
0.835938
0.462891
0.764648
0.410156
0.200195
0.620117
0.709961
0.146484
0.653320
0.709961
0.791016
0.758789
0.449219
0.641602
0.884766
0.352539
0.959961
0.258789
0.529297
0.436523
0.689453
0.773438
0.787109
0.586914
0.999023
0.999023
0.999023
0.999023
0.842773
0.999023
0.999023
0.999023
0.625977
0.779297
0.975586
0.999023
0.890625
0.932617
0.999023
0.999023
0.999023
0.999023
0.936523
0.999023
0.999023
0.999023
0.999023
0.999023
0.999023
0.906250
0.999023
0.999023
0.932617
0.826172
0.767578
0.999023
0.999023
0.947266
0.999023
0.999023
0.999023
0.999023
0.999023
0.999023
0.999023
0.999023
0.834961
0.999023
0.999023
0.999023
0.999023
0.506836
0.904297
0.999023
0.685547
0.999023
0.999023
0.895508
0.999023
0.999023
0.999023
0.999023
0.999023
0.481445
0.999023
0.821289
0.999023
0.999023
0.940430
0.999023
0.970703
0.707031
0.999023
0.999023
0.999023
0.999023
0.999023
0.999023
0.999023
0.999023
0.999023
0.999023
0.984375
0.999023
0.999023
0.999023
0.999023
0.875000
0.999023
0.999023
0.889648
0.999023
0.999023
0.999023
0.999023
0.999023
0.928711
0.999023
0.999023
0.999023
0.934570
0.871094
0.999023
0.540039
0.999023
0.999023
0.999023
0.999023
0.787109
0.865234
0.999023
0.999023
0.668945
0.913086
0.999023
0.999023
0.999023
0.999023
0.999023
0.775391
0.517578
0.999023
0.999023
0.999023
0.999023
0.806641
0.883789
0.999023
