0.000000
0.000473
0.000748
0.001053
0.001556
0.002106
0.002014
0.002472
0.003082
0.003113
0.003769
0.004486
0.004517
0.004456
0.004959
0.005508
0.005890
0.006332
0.006729
0.006577
0.007111
0.007217
0.008011
0.008163
0.008606
0.009384
0.009308
0.009338
0.009872
0.010559
0.010880
0.011230
0.011719
0.011566
0.011566
0.012192
0.012344
0.012634
0.013306
0.013702
0.013199
0.013290
0.013885
0.014893
0.015167
0.015274
0.016022
0.016235
0.015488
0.016724
0.016663
0.017105
0.017181
0.018158
0.016876
0.018265
0.018433
0.019119
0.019363
0.020065
0.019730
0.020126
0.020157
0.021072
0.021378
0.021805
0.020782
0.021729
0.020859
0.020935
0.022720
0.022064
0.021881
0.022232
0.022736
0.020828
0.022232
0.022964
0.022873
0.022064
0.023087
0.023315
0.021591
0.023300
0.023712
0.023056
0.023560
0.024231
0.023911
0.023651
0.025208
0.024933
0.024277
0.024857
0.026855
0.025620
0.026489
0.025375
0.026932
0.026611
0.026596
0.026993
0.026352
0.026138
0.027390
0.026932
0.026291
0.027954
0.027756
0.027832
0.026764
0.028046
0.028656
0.028305
0.028717
0.028549
0.028687
0.028854
0.028793
0.029694
0.029099
0.030228
0.029083
0.030518
0.029953
0.030594
0.031311
0.030380
0.031754
0.038467
0.046448
0.052002
0.060211
0.065292
0.070206
0.075592
0.081635
0.087036
0.089645
0.094131
0.097244
0.098969
0.103241
0.109589
0.111725
0.119904
0.128952
0.131531
0.131287
0.136688
0.139297
0.140610
0.142838
0.146622
0.148148
0.148148
0.154739
0.157593
0.158447
0.162094
0.166153
0.174683
0.180191
0.192352
0.199020
0.206467
0.214294
0.222427
0.225891
0.235397
0.246750
0.250778
0.253143
0.256561
0.258987
0.259567
0.261078
0.265884
0.267853
0.267853
0.271011
0.272766
0.276443
0.275833
0.278809
0.282715
0.284897
0.288254
0.289993
0.291733
0.294525
0.299515
0.300659
0.310471
0.324142
0.334885
0.344635
0.352448
0.366211
0.374100
0.383347
0.395233
0.408264
0.416977
0.422607
0.436600
0.442093
0.449341
0.459122
0.468704
0.479614
0.486755
0.501389
0.512070
0.523483
0.535294
0.547592
0.551651
0.563431
0.578827
0.586594
0.591766
0.593094
0.605286
0.605499
0.616348
0.633072
0.642365
0.655838
0.668564
0.681580
0.691269
0.701019
0.716934
0.727203
0.740387
0.751404
0.767014
0.775192
0.786057
0.798874
0.809509
0.823624
0.834656
0.848907
0.858322
0.872116
0.885666
0.897720
0.911072
0.922272
0.937271
0.948410
0.960922
0.975159
0.987518
